[0.0, 0]
[0.0, 193]
[0.0, 345]
[0.0, 499]
[0.0, 653]
[0.0, 806]
[0.0, 960]
[0.0, 1114]
[0.0, 1268]
[0.0, 1423]
[0.0, 1575]
[0.0, 1729]
[0.0, 1883]
[0.0, 2037]
[0.0, 2191]
[0.0, 2345]
[0.0, 2497]
[0.0, 2652]
[0.0, 2805]
[0.0, 2960]
[0.0, 3115]
[0.0, 3267]
[0.0, 3421]
[0.0, 3576]
[0.0, 3730]
[0.0, 3884]
[0.0, 4039]
[0.0, 4192]
[52.0, 4344]
[65.0, 4498]
[65.0, 4653]
[65.0, 4807]
[65.0, 4959]
[65.0, 5113]
[65.0, 5268]
[58.5, 5422]
[0.0, 5576]
[0.0, 5730]
[0.0, 5883]
[0.0, 6037]
[0.0, 6192]
[52.0, 6345]
[65.0, 6498]
[65.0, 6653]
[65.0, 6805]
[65.0, 6961]
[65.0, 7113]
[65.0, 7267]
[58.5, 7422]
[0.0, 7575]
[0.0, 7729]
[0.0, 7884]
[0.0, 8037]
[0.0, 8191]
[52.0, 8345]
[65.0, 8499]
[65.0, 8653]
[65.0, 8807]
[65.0, 8959]
[65.0, 9115]
[65.0, 9269]
[58.5, 9422]
[0.0, 9575]
[0.0, 9728]
[0.0, 9884]
[0.0, 10038]
[0.0, 10192]
[0.0, 10344]
[0.0, 10498]
[0.0, 10653]
[0.0, 10806]
[0.0, 10960]
[0.0, 11113]
[0.0, 11267]
[0.0, 11421]
[0.0, 11575]
[0.0, 11730]
[0.0, 11883]
[0.0, 12039]
[0.0, 12194]
[0.0, 12344]
[52.0, 12498]
[58.5, 12653]
[58.5, 12807]
[58.5, 12960]
[58.5, 13113]
[58.5, 13268]
[58.5, 13422]
[0.0, 13576]
[0.0, 13729]
[0.0, 13883]
[0.0, 14038]
[0.0, 14193]
[91.0, 14344]
[52.0, 14499]
[58.5, 14652]
[58.5, 14807]
[58.5, 14960]
[58.5, 15115]
[58.5, 15268]
[58.5, 15421]
[58.5, 15576]
[0.0, 15729]
[0.0, 15883]
[0.0, 16037]
[0.0, 16191]
[175.5, 16346]
[58.5, 16499]
[58.5, 16653]
[58.5, 16807]
[58.5, 16960]
[58.5, 17113]
[58.5, 17268]
[58.5, 17421]
[0.0, 17575]
[0.0, 17728]
[0.0, 17883]
[0.0, 18037]
[0.0, 18192]
[0.0, 18346]
[0.0, 18498]
[0.0, 18652]
[0.0, 18807]
[0.0, 18960]
[0.0, 19114]
[0.0, 19269]
[0.0, 19422]
[0.0, 19575]
[0.0, 19729]
[0.0, 19883]
[0.0, 20042]
[0.0, 20190]
[52.0, 20345]
[65.0, 20499]
[65.0, 20652]
[65.0, 20807]
[65.0, 20960]
[65.0, 21115]
[65.0, 21267]
[58.5, 21422]
[58.5, 21575]
[0.0, 21729]
[0.0, 21882]
[0.0, 22038]
[0.0, 22193]
[45.5, 22346]
[65.0, 22499]
[65.0, 22652]
[65.0, 22805]
[65.0, 22961]
[65.0, 23114]
[65.0, 23268]
[58.5, 23422]
[0.0, 23576]
[0.0, 23729]
[0.0, 23883]
[0.0, 24038]
[0.0, 24190]
[45.5, 24344]
[65.0, 24499]
[65.0, 24653]
[65.0, 24807]
[65.0, 24961]
[65.0, 25113]
[65.0, 25267]
[58.5, 25422]
[0.0, 25575]
[0.0, 25730]
[0.0, 25883]
[0.0, 26037]
[0.0, 26191]
[0.0, 26345]
[0.0, 26498]
[0.0, 26651]
[91.0, 26806]
[0.0, 26961]
[0.0, 27114]
[0.0, 27267]
[0.0, 27422]
[0.0, 27576]
[0.0, 27729]
[0.0, 27884]
[0.0, 28038]
[0.0, 28192]
[0.0, 28344]
[0.0, 28498]
[0.0, 28653]
[0.0, 28805]
[0.0, 28960]
[0.0, 29114]
